chr14	14	66900400	66900419	1
chr14	14	66900420	66900439	4
chr14	14	66900440	66900459	6
chr14	14	66900460	66900479	10
chr14	14	66900480	66900499	12
chr14	14	66900500	66900519	14
chr14	14	66900520	66900539	16
chr14	14	66900540	66900559	19
chr14	14	66900560	66900579	18
chr14	14	66900580	66900599	18
chr14	14	66900600	66900619	15
chr14	14	66900620	66900639	15
chr14	14	66900640	66900659	15
chr14	14	66900660	66900679	17
chr14	14	66900680	66900699	15
chr14	14	66900700	66900719	16
chr14	14	66900720	66900739	19
chr14	14	66900740	66900759	20
chr14	14	66900760	66900779	25
chr14	14	66900780	66900799	25
chr14	14	66900800	66900819	23
chr14	14	66900820	66900839	23
chr14	14	66900840	66900859	23
chr14	14	66900860	66900879	18
chr14	14	66900880	66900899	18
chr14	14	66900900	66900919	16
chr14	14	66900920	66900939	14
chr14	14	66900940	66900959	15
chr14	14	66900960	66900979	15
chr14	14	66900980	66900999	15
chr14	14	66901000	66901019	14
chr14	14	66901020	66901039	15
chr14	14	66901040	66901059	14
chr14	14	66901060	66901079	15
chr14	14	66901080	66901099	12
chr14	14	66901100	66901119	13
chr14	14	66901120	66901139	14
chr14	14	66901140	66901159	16
chr14	14	66901160	66901179	17
chr14	14	66901180	66901199	19
chr14	14	66901200	66901219	19
chr14	14	66901220	66901239	19
chr14	14	66901240	66901259	24
chr14	14	66901260	66901279	22
chr14	14	66901280	66901299	22
